# this is the new SV_color.txt file

# color_index color.red color.green color.blue
# 0 255 255 255  background color, default white
1   30  144  255
2   72   61  139
3   75    0  130
4   70  130  180
5   65  105  225
6    0    0  153
7  204    0    0
8  255  204    0
9    0  153    0
10  255   69    0
11  234  234  194
12  255  165    0
13  105  105  105
14  255    0  255
15  199   21  133
16    0  255  127
17  173  255   47
18  255   20  147
19  148   37  211
20    0   64  153
21   64    0  153
22  255    0    0
23  255  127   80
24  255  105  180
25  144  238  144
26  144  144  238
27  107  142   35
28   68  117  203
# 255 0 0 0	outline color, default black